0
1,4,41

1
0,3,40

2
3,6,40

3
1,2,7,39

4
0,39,8

5
41,37,35

6
2,7,11

7
3,8,12

8
4,13,38

9
14,13

10
34

11
6,12,17

12
7,13,18,11

13
14,8,12,19

14
16

15
10,35

16
33

17
11,18,29

18
12,19,25,17

19
13,20,26,18

20
16,21,19

21
22,20,30

22
23,21

23
36

24
27

25
29,26,18

26
19,27,25

27
28,20,26

28
31

29
25,17

30
24

31
32

32
23

33
36,15

34
9

35
5,34

36
23,15

37
4

38
9

39
3

40
1,2

41
0,5
